cnt: 367
24854
24855
24856
24858
24859
24862
24863
24864
24865
24866
24867
24868
24869
24870
24871
24872
24873
24874
24875
24879
24880
24881
24882
24883
24885
24886
24890
24899
24900
24901
24908
24909
24921
24922
24499
24500
24501
24502
24503
25476
25477
25478
25479
25480
25481
25482
25483
25484
25485
25486
25487
25488
25489
25490
25491
25492
24032
24033
24004
24005
24006
24007
24008
24009
24010
24011
24012
24013
24014
24015
24016
24018
24019
24020
24021
24022
24023
24026
24028
24029
24030
24031
24447
25025
25027
25028
25031
25032
25033
25034
25035
25036
25037
25038
25039
25040
25041
25042
25043
25044
25045
25046
25047
25048
25049
25050
25051
25052
25053
25054
25055
25056
25057
25058
25059
25060
25061
25062
25063
25064
25087
25088
25089
25090
25091
25093
25094
25095
25096
25097
25098
25099
25100
25101
25102
25103
25104
25105
25108
25111
25112
25113
23985
23986
23987
23988
23989
23990
23991
23992
23995
23924
23925
23926
23927
23928
23929
23930
25148
24960
24961
24962
24963
24964
24965
24966
24967
24968
24969
24970
24971
24972
24973
24974
24975
24976
24977
24978
24979
24980
24981
24982
24983
24984
24985
24986
24987
24988
24989
24990
24991
24992
24993
24994
24995
24996
24997
24998
24999
25000
25001
25002
25003
25004
25011
24937
24938
24939
24940
24941
24942
24943
24959
25536
25537
25538
25539
25540
25541
25542
25543
25544
25545
25546
25547
25548
25549
25550
25551
25552
25553
25554
25525
25526
25527
25528
25529
25530
25531
25532
25533
25534
25535
24448
24449
24450
24451
24552
24553
24396
24397
24398
24399
25312
25313
25314
25329
25330
25331
25332
25333
25334
25335
25336
25337
25338
25339
25340
25341
25342
25343
25344
25345
25346
25347
25348
25349
25350
25351
25352
25353
25354
25355
25356
25357
25358
25359
25360
25361
25362
25363
25364
25365
25366
25367
25368
25369
25370
25371
25372
25373
25374
25375
25376
25377
25378
25379
25380
25381
25382
25383
25384
25385
25386
25387
25388
25389
25390
25391
25392
25393
25394
25395
25396
25397
25398
25399
25400
25401
25402
25403
25404
25405
25406
25407
25408
25409
25410
25411
25412
25413
25414
25415
25416
25417
25418
25419
25420
25421
25422
25423
25424
25297
25298
25299
25300
25301
25302
25303
25304
25305
25306
25307
25308
25309
25310
25311
